1933
56052
5434
7268
1798
705
1854
10597
10775
2531
11103
5700
7329
7415
3141
5718
661
3978
6880
3145
55651
29928
9775
6301
3735
1371
51728
7167
1649
6207
23480
10569
3093
79877
55312
9391
5393
6734
5281
23413
5704
5436
5719
8666
4331
7341
1650
4809
5238
5690
10061
5691
25804
23658
51095
2068
64841
10213
50814
5687
150274
6156
5705
6182
6157
1665
54974
7353
6307
6632
65083
81555
6713
8565
54512
8882
5686
54984
1595
1725
57570
4047
80135
1763
51068
5707
79717
55164
6184
23517
51025
5425
5300
6193
51727
7360
5701
5510
55644
57019
60528
84154
84720
51119
6811
8733
6233
10436
6396
8872
998
3329
6633
8892
6175
158
6749
58485
22845
84135
4598
5905
9487
10558
5682
64223
4839
167227
92345
55226
833
5298
22820
5985
10621
4597
51504
29889
83540
7453
9978
494514
22934
5702
375189
27010
80235
6635
5859
2235
5441
10524
5706
5713
25885
5684
38
55131
23560
6125
51520
51388
112812
27292
3692
902
2752
1983
10907
9861
10423
5876
6636
8813
5435
317781
9669
210
2643
23404
5440
1965
10910
16
56949
6224
51184
5683
22
7390
5717
5708
22938
79947
55650
1810
10204
1104
9488
10403
27297
10652
143187
22894
5437
5277
84549
51367
79042
91869
4171
23649
5689
25980
3376
996
23397
24148
4999
199857
8661
5111
149371
2107
6877
4176
8731
9879
9489
117246
5822
51529
8317
10946
79039
29925
153527
5424
54780
1022
5430
10575
8602
57050
116150
2733
9837
7389
6059
25836
65258
23256
8607
55015
1315
9416
51399
26574
64151
6500
10026
56647
10054
94005
51227
55813
126003
9129
84296
4172
4351
1659
5709
191
253260
10412
57696
2193
10713
5692
5714
85365
4682
55850
54663
79882
54617
11056
4175
1434
2963
2671
132001
9330
26121
56915
23481
79954
2972
57703
23203
10001
10556
51647
55272
8697
57521
51604
2222
10101
5432
10469
26054
55294
6625
27042
2071
5557
10694
161424
7203
51659
55127
115708
2224
10199
93183
22948
5984
11321
90025
80335
2339
8881
5558
6838
55702
51118
54700
58477
23556
4706
2961
81887
9785
25879
1615
4931
27339
51187
10056
60559
8318
80746
53981
7536
29882
10885
10640
1736
11137
10528
4174
134430
24144
6829
51073
23450
1479
57647
83743
8668
7109
8886
25813
51605
92856
84365
6188
10940
220064
5001
5426
55622
29777
10171
83707
9443
64785
84294
22803
28987
1603
83732
2957
26155
5981
10978
11231
1070
8891
54707
88745
51602
23223
205564
92609
9044
283989
5356
9790
10856
6730
27158
2967
2959
84844
25839
9533
9904
79050
5000
84246
5427
9128
10055
10623
2232
57418
51077