10026
10061
10063
10110
10165
1017
10195
1020
10204
10212
10213
10247
10269
10294
10325
10380
1040
10403
10419
10423
10436
10486
10487
10519
10524
10558
10560
10569
10577
1058
10589
10597
10621
10652
10670
10681
10682
10728
10730
10775
10907
10910
10923
10939
10999
11001
11079
11097
11103
11200
112812
112858
116150
1163
1164
1201
1263
1317
133308
1352
135228
1371
143187
144245
1497
150274
1537
158
158866
1595
16
1649
1650
1659
1665
167227
1678
1723
1725
1738
1763
1798
1810
1841
1854
189
1933
1967
1977
1983
1984
199857
203
2068
2091
210
2107
215
217
2180
2181
2182
22
2235
2237
224
225
2280
22820
22845
2286
22934
22938
231
23173
23175
23205
23305
23390
23395
23404
23413
23463
23479
23480
23517
23560
23658
2395
24140
2512
2531
253832
2539
25804
2582
25821
2585
25885
25921
2617
2643
2645
26517
2657
26580
26610
2671
27000
27010
27032
27158
27235
27292
27297
27343
2752
284306
29098
291
2937
29800
29801
29880
29889
29928
29929
29956
30001
3035
3052
3093
3094
3141
3145
3156
317781
3265
3295
3297
3320
3326
3329
340481
3692
3704
3735
375
375189
378
38
381
382
387
3936
3954
3978
3996
4047
4216
4255
4292
4331
4358
4524
4538
4597
4598
475
4763
4809
4839
4860
4864
4942
494514
50
5018
50617
50814
51004
51013
51025
5105
51068
51095
51099
51114
51117
51119
51163
51201
51234
51304
51388
5141
51441
51458
51478
5150
51504
51520
51660
5170
51703
51726
51727
51728
5194
5213
5216
5238
525
5250
5281
5298
5300
5358
5371
5378
538
5393
540
5423
5425
5428
5429
5434
5435
5436
5437
5438
5440
5441
54472
54512
54802
54888
54974
54984
54995
5510
55131
55140
55164
55226
55256
55312
5537
55486
55505
55625
55644
55650
55651
55687
55699
55737
55748
5581
5583
55858
56052
5611
5682
5684
5686
5687
5690
5691
56997
5700
5701
57017
57019
5702
57038
5704
5705
5706
5707
5708
5709
5713
57176
5718
5719
57570
5831
58485
5859
5876
5885
5905
59286
595
5976
5985
6004
60528
6102
6125
6134
6156
6157
617
6175
6182
6184
6193
6207
6233
6301
6307
6309
6314
6341
63892
6390
6396
6399
641
64137
64223
64429
6446
64768
64801
64841
64900
65083
6596
661
6632
6633
6635
6636
6647
6648
6687
6713
6732
6734
6749
6811
6827
6832
6880
6897
6901
6908
7019
705
7095
7150
7153
7167
7268
7319
7320
7329
7335
7336
7341
7353
7360
7374
7411
7415
7416
7417
7453
7454
7485
7486
7555
760
788
79053
79087
7919
79603
79644
79683
79717
7979
79796
79844
79868
79877
7991
79947
80119
80135
80155
80235
8034
81034
81555
81689
819
8260
833
83540
84061
84135
84154
84274
84287
8454
84720
84869
84885
8490
8556
8565
8604
8659
8666
8669
8678
8732
8733
875
8756
8813
8815
8872
8882
8892
890
891
892
898
902
9060
9097
9156
91647
91869
9218
92345
9391
94103
9487
9488
9524
9663
9669
9695
9712
9775
9861
9973
9978
998