10026
10061
10063
10110
10165
1017
10195
1020
10204
10212
10213
10247
10269
10294
10325
10380
1040
10403
10419
10423
10436
10486
10487
10519
10524
10558
10560
10569
10577
1058
10589
10597
10621
10652
10670
10681
10682
10728
10730
10775
10907
10910
10923
10939
10999
11001
11079
11097
11103
11200
112812
112858
116150
1163
1164
1201
1263
1317
133308
1352
135228
1371
143187
144245
1497
150274
1537
158
158866
1595
16
1649
1650
1659
1665
167227
1678
1723
1725
1738
1763
1798
1810
1841
1854
189
1933
1967
1977
1983
1984
199857
203
2068
2091
210
2107
215
217
2180
2181
2182
22
2235
2237
224
225
2280
22820
22845
2286
22934
22938
231
23173
23175
23205
23305
23390
23395
23404
23413
23463
23479
23480
23517
23560
23658
2395
24140
2512
2531
253832
2539
25804
2582
25821
2585
25885
25921
2617
2643
2645
26517
2657
26580
26610
2671
27000
27010
27032
27158
27235
27292
27297
27343
2752
284306
29098
291
2937
29800
29801
29880
29889
29928
29929
29956
30001
3035
3052
3093
3094
3141
3145
3156
317781
3265
3295
3297
3320
3326
3329
340481
3692
3704
3735
375
375189
378
38
381
382
387
3936
3954
3978
3996
4047
4216
4255
4292
4331
4358
4524
4538
4597
4598
475
4763
4809
4839
4860
4864
4942
494514
50
5018
50617
50814
51004
51013
51025
5105
51068
51095
51099
51114
51117
51119
51163
51201
51234
51304
51388
5141
51441
51458
51478
5150
51504
51520
51660
5170
51703
51726
51727
51728
5194
5213
5216
5238
525
5250
5281
5298
5300
5358
5371
5378
538
5393
540
5423
5425
5428
5429
5434
5435
5436
5437
5438
5440
5441
54472
54512
54802
54888
54974
54984
54995
5510
55131
55140
55164
55226
55256
55312
5537
55486
55505
55625
55644
55650
55651
55687
55699
55737
55748
5581
5583
55858
56052
5611
5682
5684
5686
5687
5690
5691
56997
5700
5701
57017
57019
5702
57038
5704
5705
5706
5707
5708
5709
5713
57176
5718
5719
57570
5831
58485
5859
5876
5885
5905
59286
595
5976
5985
6004
60528
6102
6125
6134
6156
6157
617
6175
6182
6184
6193
6207
6233
6301
6307
6309
6314
6341
63892
6390
6396
6399
641
64137
64223
64429
6446
64768
64801
64841
64900
65083
6596
661
6632
6633
6635
6636
6647
6648
6687
6713
6732
6734
6749
6811
6827
6832
6880
6897
6901
6908
7019
705
7095
7150
7153
7167
7268
7319
7320
7329
7335
7336
7341
7353
7360
7374
7411
7415
7416
7417
7453
7454
7485
7486
7555
760
788
79053
79087
7919
79603
79644
79683
79717
7979
79796
79844
79868
79877
7991
79947
80119
80135
80155
80235
8034
81034
81555
81689
819
8260
833
83540
84061
84135
84154
84274
84287
8454
84720
84869
84885
8490
8556
8565
8604
8659
8666
8669
8678
8732
8733
875
8756
8813
8815
8872
8882
8892
890
891
892
898
902
9060
9097
9156
91647
91869
9218
92345
9391
94103
9487
9488
9524
9663
9669
9695
9712
9775
9861
9973
9978
998
1933
56052
5434
7268
1798
705
1854
10597
10775
2531
11103
5700
7329
7415
3141
5718
661
3978
6880
3145
55651
29928
9775
6301
3735
1371
51728
7167
1649
6207
23480
10569
3093
79877
55312
9391
5393
6734
5281
23413
5704
5436
5719
8666
4331
7341
1650
4809
5238
5690
10061
5691
25804
23658
51095
2068
64841
10213
50814
5687
150274
6156
5705
6182
6157
1665
54974
7353
6307
6632
65083
81555
6713
8565
54512
8882
5686
54984
1595
1725
57570
4047
80135
1763
51068
5707
79717
55164
6184
23517
51025
5425
5300
6193
51727
7360
5701
5510
55644
57019
60528
84154
84720
51119
6811
8733
6233
10436
6396
8872
998
3329
6633
8892
6175
158
6749
58485
22845
84135
4598
5905
9487
10558
5682
64223
4839
167227
92345
55226
833
5298
22820
5985
10621
4597
51504
29889
83540
7453
9978
494514
22934
5702
375189
27010
80235
6635
5859
2235
5441
10524
5706
5713
25885
5684
38
55131
23560
6125
51520
51388
112812
27292
3692
902
2752
1983
10907
9861
10423
5876
6636
8813
5435
317781
9669
210
2643
23404
5440
1965
10910
16
56949
6224
51184
5683
22
7390
5717
5708
22938
79947
55650
1810
10204
1104
9488
10403
27297
10652
143187
22894
5437
5277
84549
51367
79042
91869
4171
23649
5689
25980
3376
996
23397
24148
4999
199857
8661
5111
149371
2107
6877
4176
8731
9879
9489
117246
5822
51529
8317
10946
79039
29925
153527
5424
54780
1022
5430
10575
8602
57050
116150
2733
9837
7389
6059
25836
65258
23256
8607
55015
1315
9416
51399
26574
64151
6500
10026
56647
10054
94005
51227
55813
126003
9129
84296
4172
4351
1659
5709
191
253260
10412
57696
2193
10713
5692
5714
85365
4682
55850
54663
79882
54617
11056
4175
1434
2963
2671
132001
9330
26121
56915
23481
79954
2972
57703
23203
10001
10556
51647
55272
8697
57521
51604
2222
10101
5432
10469
26054
55294
6625
27042
2071
5557
10694
161424
7203
51659
55127
115708
2224
10199
93183
22948
5984
11321
90025
80335
2339
8881
5558
6838
55702
51118
54700
58477
23556
4706
2961
81887
9785
25879
1615
4931
27339
51187
10056
60559
8318
80746
53981
7536
29882
10885
10640
1736
11137
10528
4174
134430
24144
6829
51073
23450
1479
57647
83743
8668
7109
8886
25813
51605
92856
84365
6188
10940
220064
5001
5426
55622
29777
10171
83707
9443
64785
84294
22803
28987
1603
83732
2957
26155
5981
10978
11231
1070
8891
54707
88745
51602
23223
205564
92609
9044
283989
5356
9790
10856
6730
27158
2967
2959
84844
25839
9533
9904
79050
5000
84246
5427
9128
10055
10623
2232
57418
51077